
/*
0- empty
1- white circle
2- black circle
3- star
*/

/* 5x5 */

starry_night([0,0,0,3,0,2,0,0,3,0]).

starry_night([0,0,0,1,0,1,3,0,0,0]).

starry_night([0,0,0,2,0,0,3,3,0,0]).

starry_night([0,0,0,3,0,0,3,2,0,0]).

starry_night([0,0,0,1,0,0,3,2,0,0]).

/* 6x6 */

starry_night([0,0,3,0,3,3,1,0,0,0,3,0]).

starry_night([0,3,2,3,0,0,0,0,3,1,1,0]).

starry_night([3,0,0,0,1,0,0,2,1,0,3,3]).

starry_night([1,1,2,0,0,3,0,0,1,0,1,3]).

starry_night([0,0,2,0,2,1,3,3,1,0,0,0]).

starry_night([2,1,2,1,2,0,0,2,0,3,1,1]).

starry_night([1,1,2,1,1,1,2,1,1,2,1,1]).

starry_night([1,2,1,2,2,1,2,2,1,2,1,2]).

/* 7x7 */

starry_night([3,1,1,1,2,2,3,1,2,2,0,1,1,3]).

starry_night([1,2,3,0,1,2,1,2,2,3,1,1,1,1]).

/* 8x8 */

starry_night([1,0,2,0,0,3,2,0,1,2,1,2,1,1,2,0]).

starry_night([1,1,3,1,2,1,1,2,1,1,2,1,1,1,1,2]).

/* 9x9 */ 

starry_night([0,2,0,0,0,2,1,0,0,0,0,3,1,1,2,0,2,0]).

starry_night([2,1,2,1,1,2,1,2,1,2,2,2,3,2,2,1,2,2]).



